solid
 facet normal -0.000000e+000  0.000000e+000  1.000000e+000
   outer loop
     vertex -1.475205e+001  3.063294e+001  2.045000e+002
     vertex -1.420502e+001  2.755390e+001  2.045000e+002
     vertex -1.287787e+001  2.819859e+001  2.045000e+002
   endloop
 endfacet
 facet normal  0.000000e+000  0.000000e+000  1.000000e+000
   outer loop
     vertex -1.475205e+001  3.063294e+001  2.045000e+002
     vertex -1.611153e+001  2.994025e+001  2.045000e+002
     vertex -1.420502e+001  2.755390e+001  2.045000e+002
   endloop
 endfacet
 facet normal  0.000000e+000  0.000000e+000  1.000000e+000
   outer loop
     vertex  3.126394e+001 -1.336285e+001  2.045000e+002
     vertex  2.819859e+001 -1.287787e+001  2.045000e+002
     vertex  3.063294e+001 -1.475205e+001  2.045000e+002
   endloop
 endfacet
 facet normal  0.000000e+000  0.000000e+000  1.000000e+000
   outer loop
     vertex  3.126394e+001 -1.336285e+001  2.045000e+002
     vertex  2.877941e+001 -1.152154e+001  2.045000e+002
     vertex  2.819859e+001 -1.287787e+001  2.045000e+002
   endloop
 endfacet
 facet normal  0.000000e+000  0.000000e+000  1.000000e+000
   outer loop
     vertex -1.336285e+001  3.126394e+001  2.045000e+002
     vertex -1.475205e+001  3.063294e+001  2.045000e+002
     vertex -1.287787e+001  2.819859e+001  2.045000e+002
   endloop
 endfacet
 facet normal -0.000000e+000  0.000000e+000  1.000000e+000
   outer loop
     vertex -1.336285e+001  3.126394e+001  2.045000e+002
     vertex -1.287787e+001  2.819859e+001  2.045000e+002
     vertex -1.152154e+001  2.877941e+001  2.045000e+002
   endloop
 endfacet
 facet normal  0.000000e+000  0.000000e+000  1.000000e+000
   outer loop
     vertex  3.183199e+001 -1.194674e+001  2.045000e+002
     vertex  2.877941e+001 -1.152154e+001  2.045000e+002
     vertex  3.126394e+001 -1.336285e+001  2.045000e+002
   endloop
 endfacet
 facet normal  0.000000e+000  0.000000e+000  1.000000e+000
   outer loop
     vertex  3.183199e+001 -1.194674e+001  2.045000e+002
     vertex  2.929503e+001 -1.013911e+001  2.045000e+002
     vertex  2.877941e+001 -1.152154e+001  2.045000e+002
   endloop
 endfacet
 facet normal  0.000000e+000  0.000000e+000  1.000000e+000
   outer loop
     vertex -1.194674e+001  3.183199e+001  2.045000e+002
     vertex -1.336285e+001  3.126394e+001  2.045000e+002
     vertex -1.152154e+001  2.877941e+001  2.045000e+002
   endloop
 endfacet
 facet normal -0.000000e+000  0.000000e+000  1.000000e+000
   outer loop
     vertex -1.194674e+001  3.183199e+001  2.045000e+002
     vertex -1.152154e+001  2.877941e+001  2.045000e+002
     vertex -1.013911e+001  2.929503e+001  2.045000e+002
   endloop
 endfacet
 facet normal  0.000000e+000  0.000000e+000  1.000000e+000
   outer loop
     vertex  3.233592e+001 -1.050658e+001  2.045000e+002
     vertex  2.929503e+001 -1.013911e+001  2.045000e+002
     vertex  3.183199e+001 -1.194674e+001  2.045000e+002
   endloop
 endfacet
 facet normal  0.000000e+000  0.000000e+000  1.000000e+000
   outer loop
     vertex  3.233592e+001 -1.050658e+001  2.045000e+002
     vertex  2.974428e+001 -8.733709e+000  2.045000e+002
     vertex  2.929503e+001 -1.013911e+001  2.045000e+002
   endloop
 endfacet
 facet normal  0.000000e+000  0.000000e+000  1.000000e+000
   outer loop
     vertex -1.050658e+001  3.233592e+001  2.045000e+002
     vertex -1.194674e+001  3.183199e+001  2.045000e+002
     vertex -1.013911e+001  2.929503e+001  2.045000e+002
   endloop
 endfacet
 facet normal -0.000000e+000  0.000000e+000  1.000000e+000
   outer loop
     vertex -1.050658e+001  3.233592e+001  2.045000e+002
     vertex -1.013911e+001  2.929503e+001  2.045000e+002
     vertex -8.733709e+000  2.974428e+001  2.045000e+002
   endloop
 endfacet
 facet normal  0.000000e+000  0.000000e+000  1.000000e+000
   outer loop
     vertex  3.277474e+001 -9.045253e+000  2.045000e+002
     vertex  2.974428e+001 -8.733709e+000  2.045000e+002
     vertex  3.233592e+001 -1.050658e+001  2.045000e+002
   endloop
 endfacet
 facet normal  0.000000e+000  0.000000e+000  1.000000e+000
   outer loop
     vertex  3.277474e+001 -9.045253e+000  2.045000e+002
     vertex  3.012616e+001 -7.308527e+000  2.045000e+002
     vertex  2.974428e+001 -8.733709e+000  2.045000e+002
   endloop
 endfacet
 facet normal  0.000000e+000  0.000000e+000  1.000000e+000
   outer loop
     vertex -9.045253e+000  3.277474e+001  2.045000e+002
     vertex -1.050658e+001  3.233592e+001  2.045000e+002
     vertex -8.733709e+000  2.974428e+001  2.045000e+002
   endloop
 endfacet
 facet normal -0.000000e+000  0.000000e+000  1.000000e+000
   outer loop
     vertex -9.045253e+000  3.277474e+001  2.045000e+002
     vertex -8.733709e+000  2.974428e+001  2.045000e+002
     vertex -7.308527e+000  3.012616e+001  2.045000e+002
   endloop
 endfacet
 facet normal  0.000000e+000  0.000000e+000  1.000000e+000
   outer loop
     vertex  3.314755e+001 -7.565712e+000  2.045000e+002
     vertex  3.012616e+001 -7.308527e+000  2.045000e+002
     vertex  3.277474e+001 -9.045253e+000  2.045000e+002
   endloop
 endfacet
 facet normal  0.000000e+000  0.000000e+000  1.000000e+000
   outer loop
     vertex  3.314755e+001 -7.565712e+000  2.045000e+002
     vertex  3.043979e+001 -5.866789e+000  2.045000e+002
     vertex  3.012616e+001 -7.308527e+000  2.045000e+002
   endloop
 endfacet
 facet normal  0.000000e+000  0.000000e+000  1.000000e+000
   outer loop
     vertex -7.565712e+000  3.314755e+001  2.045000e+002
     vertex -9.045253e+000  3.277474e+001  2.045000e+002
     vertex -7.308527e+000  3.012616e+001  2.045000e+002
   endloop
 endfacet
 facet normal -0.000000e+000  0.000000e+000  1.000000e+000
   outer loop
     vertex -7.565712e+000  3.314755e+001  2.045000e+002
     vertex -7.308527e+000  3.012616e+001  2.045000e+002
     vertex -5.866789e+000  3.043979e+001  2.045000e+002
   endloop
 endfacet
 facet normal  0.000000e+000  0.000000e+000  1.000000e+000
   outer loop
     vertex -2.243576e+001 -2.139245e+001  2.045000e+002
     vertex -2.560443e+001 -2.236992e+001  2.045000e+002
     vertex -2.457503e+001 -2.349613e+001  2.045000e+002
   endloop
 endfacet
 facet normal  0.000000e+000  0.000000e+000  1.000000e+000
   outer loop
     vertex -2.243576e+001 -2.139245e+001  2.045000e+002
     vertex -2.457503e+001 -2.349613e+001  2.045000e+002
     vertex -2.349613e+001 -2.457503e+001  2.045000e+002
   endloop
 endfacet
 facet normal  0.000000e+000  0.000000e+000  1.000000e+000
   outer loop
     vertex  3.345361e+001 -6.070934e+000  2.045000e+002
     vertex  3.043979e+001 -5.866789e+000  2.045000e+002
     vertex  3.314755e+001 -7.565712e+000  2.045000e+002
   endloop
 endfacet
 facet normal  0.000000e+000  0.000000e+000  1.000000e+000
   outer loop
     vertex  3.345361e+001 -6.070934e+000  2.045000e+002
     vertex  3.068446e+001 -4.411760e+000  2.045000e+002
     vertex  3.043979e+001 -5.866789e+000  2.045000e+002
   endloop
 endfacet
 facet normal  0.000000e+000  0.000000e+000  1.000000e+000
   outer loop
     vertex -2.139245e+001 -2.243576e+001  2.045000e+002
     vertex -2.349613e+001 -2.457503e+001  2.045000e+002
     vertex -2.236992e+001 -2.560443e+001  2.045000e+002
   endloop
 endfacet
 facet normal  0.000000e+000  0.000000e+000  1.000000e+000
   outer loop
     vertex -6.070934e+000  3.345361e+001  2.045000e+002
     vertex -7.565712e+000  3.314755e+001  2.045000e+002
     vertex -5.866789e+000  3.043979e+001  2.045000e+002
   endloop
 endfacet
 facet normal -0.000000e+000  0.000000e+000  1.000000e+000
   outer loop
     vertex -6.070934e+000  3.345361e+001  2.045000e+002
     vertex -5.866789e+000  3.043979e+001  2.045000e+002
     vertex -4.411760e+000  3.068446e+001  2.045000e+002
   endloop
 endfacet
 facet normal  0.000000e+000  0.000000e+000  1.000000e+000
   outer loop
     vertex -2.139245e+001 -2.243576e+001  2.045000e+002
     vertex -2.243576e+001 -2.139245e+001  2.045000e+002
     vertex -2.349613e+001 -2.457503e+001  2.045000e+002
   endloop
 endfacet
 facet normal  0.000000e+000  0.000000e+000  1.000000e+000
   outer loop
     vertex  3.369229e+001 -4.563931e+000  2.045000e+002
     vertex  3.068446e+001 -4.411760e+000  2.045000e+002
     vertex  3.345361e+001 -6.070934e+000  2.045000e+002
   endloop
 endfacet
 facet normal  0.000000e+000  0.000000e+000  1.000000e+000
   outer loop
     vertex  3.369229e+001 -4.563931e+000  2.045000e+002
     vertex  3.085963e+001 -2.946737e+000  2.045000e+002
     vertex  3.068446e+001 -4.411760e+000  2.045000e+002
   endloop
 endfacet
 facet normal  0.000000e+000  0.000000e+000  1.000000e+000
   outer loop
     vertex -4.563931e+000  3.369229e+001  2.045000e+002
     vertex -6.070934e+000  3.345361e+001  2.045000e+002
     vertex -4.411760e+000  3.068446e+001  2.045000e+002
   endloop
 endfacet
 facet normal -0.000000e+000  0.000000e+000  1.000000e+000
   outer loop
     vertex -4.563931e+000  3.369229e+001  2.045000e+002
     vertex -4.411760e+000  3.068446e+001  2.045000e+002
     vertex -2.946737e+000  3.085963e+001  2.045000e+002
   endloop
 endfacet
 facet normal  0.000000e+000  0.000000e+000  1.000000e+000
   outer loop
     vertex -2.342824e+001 -2.030068e+001  2.045000e+002
     vertex -2.658227e+001 -2.119865e+001  2.045000e+002
     vertex -2.560443e+001 -2.236992e+001  2.045000e+002
   endloop
 endfacet
 facet normal -0.000000e+000  0.000000e+000  1.000000e+000
   outer loop
     vertex -2.342824e+001 -2.030068e+001  2.045000e+002
     vertex -2.560443e+001 -2.236992e+001  2.045000e+002
     vertex -2.243576e+001 -2.139245e+001  2.045000e+002
   endloop
 endfacet
 facet normal  0.000000e+000  0.000000e+000  1.000000e+000
   outer loop
     vertex -2.030068e+001 -2.342824e+001  2.045000e+002
     vertex -2.139245e+001 -2.243576e+001  2.045000e+002
     vertex -2.236992e+001 -2.560443e+001  2.045000e+002
   endloop
 endfacet
 facet normal  0.000000e+000  0.000000e+000  1.000000e+000
   outer loop
     vertex -2.030068e+001 -2.342824e+001  2.045000e+002
     vertex -2.236992e+001 -2.560443e+001  2.045000e+002
     vertex -2.119865e+001 -2.658227e+001  2.045000e+002
   endloop
 endfacet
 facet normal  0.000000e+000  0.000000e+000  1.000000e+000
   outer loop
     vertex  3.386313e+001 -3.047737e+000  2.045000e+002
     vertex  3.085963e+001 -2.946737e+000  2.045000e+002
     vertex  3.369229e+001 -4.563931e+000  2.045000e+002
   endloop
 endfacet
 facet normal  0.000000e+000  0.000000e+000  1.000000e+000
   outer loop
     vertex  3.386313e+001 -3.047737e+000  2.045000e+002
     vertex  3.096489e+001 -1.475039e+000  2.045000e+002
     vertex  3.085963e+001 -2.946737e+000  2.045000e+002
   endloop
 endfacet
 facet normal  0.000000e+000  0.000000e+000  1.000000e+000
   outer loop
     vertex -3.047737e+000  3.386313e+001  2.045000e+002
     vertex -4.563931e+000  3.369229e+001  2.045000e+002
     vertex -2.946737e+000  3.085963e+001  2.045000e+002
   endloop
 endfacet
 facet normal -0.000000e+000  0.000000e+000  1.000000e+000
   outer loop
     vertex -2.436765e+001 -1.916293e+001  2.045000e+002
     vertex -2.658227e+001 -2.119865e+001  2.045000e+002
     vertex -2.342824e+001 -2.030068e+001  2.045000e+002
   endloop
 endfacet
 facet normal -0.000000e+000  0.000000e+000  1.000000e+000
   outer loop
     vertex -3.047737e+000  3.386313e+001  2.045000e+002
     vertex -2.946737e+000  3.085963e+001  2.045000e+002
     vertex -1.475039e+000  3.096489e+001  2.045000e+002
   endloop
 endfacet
 facet normal  0.000000e+000  0.000000e+000  1.000000e+000
   outer loop
     vertex -2.436765e+001 -1.916293e+001  2.045000e+002
     vertex -2.750658e+001 -1.998470e+001  2.045000e+002
     vertex -2.658227e+001 -2.119865e+001  2.045000e+002
   endloop
 endfacet
 facet normal  0.000000e+000  0.000000e+000  1.000000e+000
   outer loop
     vertex -1.916293e+001 -2.436765e+001  2.045000e+002
     vertex -2.030068e+001 -2.342824e+001  2.045000e+002
     vertex -2.119865e+001 -2.658227e+001  2.045000e+002
   endloop
 endfacet
 facet normal  0.000000e+000  0.000000e+000  1.000000e+000
   outer loop
     vertex -1.916293e+001 -2.436765e+001  2.045000e+002
     vertex -2.119865e+001 -2.658227e+001  2.045000e+002
     vertex -1.998470e+001 -2.750658e+001  2.045000e+002
   endloop
 endfacet
 facet normal -0.000000e+000  0.000000e+000  1.000000e+000
   outer loop
     vertex -2.525185e+001 -1.798176e+001  2.045000e+002
     vertex -2.750658e+001 -1.998470e+001  2.045000e+002
     vertex -2.436765e+001 -1.916293e+001  2.045000e+002
   endloop
 endfacet
 facet normal  0.000000e+000  0.000000e+000  1.000000e+000
   outer loop
     vertex  3.396576e+001 -1.525404e+000  2.045000e+002
     vertex  3.096489e+001 -1.475039e+000  2.045000e+002
     vertex  3.386313e+001 -3.047737e+000  2.045000e+002
   endloop
 endfacet
 facet normal  0.000000e+000  0.000000e+000  1.000000e+000
   outer loop
     vertex -2.525185e+001 -1.798176e+001  2.045000e+002
     vertex -2.837549e+001 -1.873050e+001  2.045000e+002
     vertex -2.750658e+001 -1.998470e+001  2.045000e+002
   endloop
 endfacet
 facet normal  0.000000e+000  0.000000e+000  1.000000e+000
   outer loop
     vertex  3.396576e+001 -1.525404e+000  2.045000e+002
     vertex  3.100000e+001 -7.592810e-015  2.045000e+002
     vertex  3.096489e+001 -1.475039e+000  2.045000e+002
   endloop
 endfacet
 facet normal  0.000000e+000  0.000000e+000  1.000000e+000
   outer loop
     vertex -1.525404e+000  3.396576e+001  2.045000e+002
     vertex -3.047737e+000  3.386313e+001  2.045000e+002
     vertex -1.475039e+000  3.096489e+001  2.045000e+002
   endloop
 endfacet
 facet normal  0.000000e+000  0.000000e+000  1.000000e+000
   outer loop
     vertex -1.798176e+001 -2.525185e+001  2.045000e+002
     vertex -1.916293e+001 -2.436765e+001  2.045000e+002
     vertex -1.998470e+001 -2.750658e+001  2.045000e+002
   endloop
 endfacet
 facet normal  0.000000e+000  0.000000e+000  1.000000e+000
   outer loop
     vertex -1.798176e+001 -2.525185e+001  2.045000e+002
     vertex -1.998470e+001 -2.750658e+001  2.045000e+002
     vertex -1.873050e+001 -2.837549e+001  2.045000e+002
   endloop
 endfacet
 facet normal -0.000000e+000  0.000000e+000  1.000000e+000
   outer loop
     vertex -1.525404e+000  3.396576e+001  2.045000e+002
     vertex -1.475039e+000  3.096489e+001  2.045000e+002
     vertex -1.186856e-014  3.100000e+001  2.045000e+002
   endloop
 endfacet
 facet normal  0.000000e+000  0.000000e+000  1.000000e+000
   outer loop
     vertex  3.400000e+001 -8.327598e-015  2.045000e+002
     vertex  3.100000e+001 -7.592810e-015  2.045000e+002
     vertex  3.396576e+001 -1.525404e+000  2.045000e+002
   endloop
 endfacet
 facet normal -0.000000e+000  0.000000e+000  1.000000e+000
   outer loop
     vertex -2.607886e+001 -1.675987e+001  2.045000e+002
     vertex -2.837549e+001 -1.873050e+001  2.045000e+002
     vertex -2.525185e+001 -1.798176e+001  2.045000e+002
   endloop
 endfacet
 facet normal  0.000000e+000  0.000000e+000  1.000000e+000
   outer loop
     vertex -2.607886e+001 -1.675987e+001  2.045000e+002
     vertex -2.918726e+001 -1.743858e+001  2.045000e+002
     vertex -2.837549e+001 -1.873050e+001  2.045000e+002
   endloop
 endfacet
 facet normal  0.000000e+000  0.000000e+000  1.000000e+000
   outer loop
     vertex  2.081900e-015  3.400000e+001  2.045000e+002
     vertex -1.525404e+000  3.396576e+001  2.045000e+002
     vertex -1.186856e-014  3.100000e+001  2.045000e+002
   endloop
 endfacet
 facet normal  0.000000e+000  0.000000e+000  1.000000e+000
   outer loop
     vertex -1.675987e+001 -2.607886e+001  2.045000e+002
     vertex -1.798176e+001 -2.525185e+001  2.045000e+002
     vertex -1.873050e+001 -2.837549e+001  2.045000e+002
   endloop
 endfacet
 facet normal  0.000000e+000  0.000000e+000  1.000000e+000
   outer loop
     vertex -1.675987e+001 -2.607886e+001  2.045000e+002
     vertex -1.873050e+001 -2.837549e+001  2.045000e+002
     vertex -1.743858e+001 -2.918726e+001  2.045000e+002
   endloop
 endfacet
 facet normal  0.000000e+000  0.000000e+000  1.000000e+000
   outer loop
     vertex  1.525404e+000  3.396576e+001  2.045000e+002
     vertex -1.186856e-014  3.100000e+001  2.045000e+002
     vertex  1.475039e+000  3.096489e+001  2.045000e+002
   endloop
 endfacet
 facet normal  0.000000e+000  0.000000e+000  1.000000e+000
   outer loop
     vertex  1.525404e+000  3.396576e+001  2.045000e+002
     vertex  2.081900e-015  3.400000e+001  2.045000e+002
     vertex -1.186856e-014  3.100000e+001  2.045000e+002
   endloop
 endfacet
 facet normal -0.000000e+000  0.000000e+000  1.000000e+000
   outer loop
     vertex -2.684679e+001 -1.550000e+001  2.045000e+002
     vertex -2.918726e+001 -1.743858e+001  2.045000e+002
     vertex -2.607886e+001 -1.675987e+001  2.045000e+002
   endloop
 endfacet
 facet normal  0.000000e+000  0.000000e+000  1.000000e+000
   outer loop
     vertex  3.396576e+001  1.525404e+000  2.045000e+002
     vertex  3.096489e+001  1.475039e+000  2.045000e+002
     vertex  3.100000e+001 -7.592810e-015  2.045000e+002
   endloop
 endfacet
 facet normal  0.000000e+000  0.000000e+000  1.000000e+000
   outer loop
     vertex  3.396576e+001  1.525404e+000  2.045000e+002
     vertex  3.100000e+001 -7.592810e-015  2.045000e+002
     vertex  3.400000e+001 -8.327598e-015  2.045000e+002
   endloop
 endfacet
 facet normal  0.000000e+000  0.000000e+000  1.000000e+000
   outer loop
     vertex -2.684679e+001 -1.550000e+001  2.045000e+002
     vertex -2.994025e+001 -1.611153e+001  2.045000e+002
     vertex -2.918726e+001 -1.743858e+001  2.045000e+002
   endloop
 endfacet
 facet normal  0.000000e+000  0.000000e+000  1.000000e+000
   outer loop
     vertex -1.550000e+001 -2.684679e+001  2.045000e+002
     vertex -1.675987e+001 -2.607886e+001  2.045000e+002
     vertex -1.743858e+001 -2.918726e+001  2.045000e+002
   endloop
 endfacet
 facet normal  0.000000e+000  0.000000e+000  1.000000e+000
   outer loop
     vertex -1.550000e+001 -2.684679e+001  2.045000e+002
     vertex -1.743858e+001 -2.918726e+001  2.045000e+002
     vertex -1.611153e+001 -2.994025e+001  2.045000e+002
   endloop
 endfacet
 facet normal  0.000000e+000  0.000000e+000  1.000000e+000
   outer loop
     vertex  3.047737e+000  3.386313e+001  2.045000e+002
     vertex  1.475039e+000  3.096489e+001  2.045000e+002
     vertex  2.946737e+000  3.085963e+001  2.045000e+002
   endloop
 endfacet
 facet normal  0.000000e+000  0.000000e+000  1.000000e+000
   outer loop
     vertex  3.047737e+000  3.386313e+001  2.045000e+002
     vertex  1.525404e+000  3.396576e+001  2.045000e+002
     vertex  1.475039e+000  3.096489e+001  2.045000e+002
   endloop
 endfacet
 facet normal  0.000000e+000  0.000000e+000  1.000000e+000
   outer loop
     vertex  3.386313e+001  3.047737e+000  2.045000e+002
     vertex  3.085963e+001  2.946737e+000  2.045000e+002
     vertex  3.096489e+001  1.475039e+000  2.045000e+002
   endloop
 endfacet
 facet normal -0.000000e+000  0.000000e+000  1.000000e+000
   outer loop
     vertex  3.386313e+001  3.047737e+000  2.045000e+002
     vertex  3.096489e+001  1.475039e+000  2.045000e+002
     vertex  3.396576e+001  1.525404e+000  2.045000e+002
   endloop
 endfacet
 facet normal -0.000000e+000  0.000000e+000  1.000000e+000
   outer loop
     vertex -2.755390e+001 -1.420502e+001  2.045000e+002
     vertex -2.994025e+001 -1.611153e+001  2.045000e+002
     vertex -2.684679e+001 -1.550000e+001  2.045000e+002
   endloop
 endfacet
 facet normal  0.000000e+000  0.000000e+000  1.000000e+000
   outer loop
     vertex -2.755390e+001 -1.420502e+001  2.045000e+002
     vertex -3.063294e+001 -1.475205e+001  2.045000e+002
     vertex -2.994025e+001 -1.611153e+001  2.045000e+002
   endloop
 endfacet
 facet normal  0.000000e+000  0.000000e+000  1.000000e+000
   outer loop
     vertex -1.420502e+001 -2.755390e+001  2.045000e+002
     vertex -1.550000e+001 -2.684679e+001  2.045000e+002
     vertex -1.611153e+001 -2.994025e+001  2.045000e+002
   endloop
 endfacet
 facet normal  0.000000e+000  0.000000e+000  1.000000e+000
   outer loop
     vertex  4.563931e+000  3.369229e+001  2.045000e+002
     vertex  3.047737e+000  3.386313e+001  2.045000e+002
     vertex  2.946737e+000  3.085963e+001  2.045000e+002
   endloop
 endfacet
 facet normal  0.000000e+000  0.000000e+000  1.000000e+000
   outer loop
     vertex -1.420502e+001 -2.755390e+001  2.045000e+002
     vertex -1.611153e+001 -2.994025e+001  2.045000e+002
     vertex -1.475205e+001 -3.063294e+001  2.045000e+002
   endloop
 endfacet
 facet normal  0.000000e+000  0.000000e+000  1.000000e+000
   outer loop
     vertex  4.563931e+000  3.369229e+001  2.045000e+002
     vertex  2.946737e+000  3.085963e+001  2.045000e+002
     vertex  4.411760e+000  3.068446e+001  2.045000e+002
   endloop
 endfacet
 facet normal  0.000000e+000  0.000000e+000  1.000000e+000
   outer loop
     vertex  3.369229e+001  4.563931e+000  2.045000e+002
     vertex  3.068446e+001  4.411760e+000  2.045000e+002
     vertex  3.085963e+001  2.946737e+000  2.045000e+002
   endloop
 endfacet
 facet normal -0.000000e+000  0.000000e+000  1.000000e+000
   outer loop
     vertex -2.819859e+001 -1.287787e+001  2.045000e+002
     vertex -3.063294e+001 -1.475205e+001  2.045000e+002
     vertex -2.755390e+001 -1.420502e+001  2.045000e+002
   endloop
 endfacet
 facet normal -0.000000e+000  0.000000e+000  1.000000e+000
   outer loop
     vertex  3.369229e+001  4.563931e+000  2.045000e+002
     vertex  3.085963e+001  2.946737e+000  2.045000e+002
     vertex  3.386313e+001  3.047737e+000  2.045000e+002
   endloop
 endfacet
 facet normal  0.000000e+000  0.000000e+000  1.000000e+000
   outer loop
     vertex -2.819859e+001 -1.287787e+001  2.045000e+002
     vertex -3.126394e+001 -1.336285e+001  2.045000e+002
     vertex -3.063294e+001 -1.475205e+001  2.045000e+002
   endloop
 endfacet
 facet normal  0.000000e+000  0.000000e+000  1.000000e+000
   outer loop
     vertex -1.287787e+001 -2.819859e+001  2.045000e+002
     vertex -1.420502e+001 -2.755390e+001  2.045000e+002
     vertex -1.475205e+001 -3.063294e+001  2.045000e+002
   endloop
 endfacet
 facet normal  0.000000e+000  0.000000e+000  1.000000e+000
   outer loop
     vertex -1.287787e+001 -2.819859e+001  2.045000e+002
     vertex -1.475205e+001 -3.063294e+001  2.045000e+002
     vertex -1.336285e+001 -3.126394e+001  2.045000e+002
   endloop
 endfacet
 facet normal  0.000000e+000  0.000000e+000  1.000000e+000
   outer loop
     vertex  6.070934e+000  3.345361e+001  2.045000e+002
     vertex  4.563931e+000  3.369229e+001  2.045000e+002
     vertex  4.411760e+000  3.068446e+001  2.045000e+002
   endloop
 endfacet
 facet normal  0.000000e+000  0.000000e+000  1.000000e+000
   outer loop
     vertex  6.070934e+000  3.345361e+001  2.045000e+002
     vertex  4.411760e+000  3.068446e+001  2.045000e+002
     vertex  5.866789e+000  3.043979e+001  2.045000e+002
   endloop
 endfacet
 facet normal -0.000000e+000  0.000000e+000  1.000000e+000
   outer loop
     vertex -2.877941e+001 -1.152154e+001  2.045000e+002
     vertex -3.126394e+001 -1.336285e+001  2.045000e+002
     vertex -2.819859e+001 -1.287787e+001  2.045000e+002
   endloop
 endfacet
 facet normal -0.000000e+000  0.000000e+000  1.000000e+000
   outer loop
     vertex  3.345361e+001  6.070934e+000  2.045000e+002
     vertex  3.068446e+001  4.411760e+000  2.045000e+002
     vertex  3.369229e+001  4.563931e+000  2.045000e+002
   endloop
 endfacet
 facet normal  0.000000e+000  0.000000e+000  1.000000e+000
   outer loop
     vertex  3.345361e+001  6.070934e+000  2.045000e+002
     vertex  3.043979e+001  5.866789e+000  2.045000e+002
     vertex  3.068446e+001  4.411760e+000  2.045000e+002
   endloop
 endfacet
 facet normal  0.000000e+000  0.000000e+000  1.000000e+000
   outer loop
     vertex -2.877941e+001 -1.152154e+001  2.045000e+002
     vertex -3.183199e+001 -1.194674e+001  2.045000e+002
     vertex -3.126394e+001 -1.336285e+001  2.045000e+002
   endloop
 endfacet
 facet normal  0.000000e+000  0.000000e+000  1.000000e+000
   outer loop
     vertex -1.152154e+001 -2.877941e+001  2.045000e+002
     vertex -1.287787e+001 -2.819859e+001  2.045000e+002
     vertex -1.336285e+001 -3.126394e+001  2.045000e+002
   endloop
 endfacet
 facet normal  0.000000e+000  0.000000e+000  1.000000e+000
   outer loop
     vertex -1.152154e+001 -2.877941e+001  2.045000e+002
     vertex -1.336285e+001 -3.126394e+001  2.045000e+002
     vertex -1.194674e+001 -3.183199e+001  2.045000e+002
   endloop
 endfacet
 facet normal  0.000000e+000  0.000000e+000  1.000000e+000
   outer loop
     vertex  3.314755e+001  7.565712e+000  2.045000e+002
     vertex  3.012616e+001  7.308527e+000  2.045000e+002
     vertex  3.043979e+001  5.866789e+000  2.045000e+002
   endloop
 endfacet
 facet normal -0.000000e+000  0.000000e+000  1.000000e+000
   outer loop
     vertex  3.314755e+001  7.565712e+000  2.045000e+002
     vertex  3.043979e+001  5.866789e+000  2.045000e+002
     vertex  3.345361e+001  6.070934e+000  2.045000e+002
   endloop
 endfacet
 facet normal -0.000000e+000  0.000000e+000  1.000000e+000
   outer loop
     vertex -2.929503e+001 -1.013911e+001  2.045000e+002
     vertex -3.183199e+001 -1.194674e+001  2.045000e+002
     vertex -2.877941e+001 -1.152154e+001  2.045000e+002
   endloop
 endfacet
 facet normal  0.000000e+000  0.000000e+000  1.000000e+000
   outer loop
     vertex  7.565712e+000  3.314755e+001  2.045000e+002
     vertex  6.070934e+000  3.345361e+001  2.045000e+002
     vertex  5.866789e+000  3.043979e+001  2.045000e+002
   endloop
 endfacet
 facet normal  0.000000e+000  0.000000e+000  1.000000e+000
   outer loop
     vertex -2.929503e+001 -1.013911e+001  2.045000e+002
     vertex -3.233592e+001 -1.050658e+001  2.045000e+002
     vertex -3.183199e+001 -1.194674e+001  2.045000e+002
   endloop
 endfacet
 facet normal  0.000000e+000  0.000000e+000  1.000000e+000
   outer loop
     vertex  7.565712e+000  3.314755e+001  2.045000e+002
     vertex  5.866789e+000  3.043979e+001  2.045000e+002
     vertex  7.308527e+000  3.012616e+001  2.045000e+002
   endloop
 endfacet
 facet normal  0.000000e+000  0.000000e+000  1.000000e+000
   outer loop
     vertex -1.013911e+001 -2.929503e+001  2.045000e+002
     vertex -1.152154e+001 -2.877941e+001  2.045000e+002
     vertex -1.194674e+001 -3.183199e+001  2.045000e+002
   endloop
 endfacet
 facet normal  0.000000e+000  0.000000e+000  1.000000e+000
   outer loop
     vertex -1.013911e+001 -2.929503e+001  2.045000e+002
     vertex -1.194674e+001 -3.183199e+001  2.045000e+002
     vertex -1.050658e+001 -3.233592e+001  2.045000e+002
   endloop
 endfacet
 facet normal -0.000000e+000  0.000000e+000  1.000000e+000
   outer loop
     vertex -2.974428e+001 -8.733709e+000  2.045000e+002
     vertex -3.233592e+001 -1.050658e+001  2.045000e+002
     vertex -2.929503e+001 -1.013911e+001  2.045000e+002
   endloop
 endfacet
 facet normal  0.000000e+000  0.000000e+000  1.000000e+000
   outer loop
     vertex -2.974428e+001 -8.733709e+000  2.045000e+002
     vertex -3.277474e+001 -9.045253e+000  2.045000e+002
     vertex -3.233592e+001 -1.050658e+001  2.045000e+002
   endloop
 endfacet
 facet normal -0.000000e+000  0.000000e+000  1.000000e+000
   outer loop
     vertex  3.277474e+001  9.045253e+000  2.045000e+002
     vertex  3.012616e+001  7.308527e+000  2.045000e+002
     vertex  3.314755e+001  7.565712e+000  2.045000e+002
   endloop
 endfacet
 facet normal  0.000000e+000  0.000000e+000  1.000000e+000
   outer loop
     vertex -8.733709e+000 -2.974428e+001  2.045000e+002
     vertex -1.013911e+001 -2.929503e+001  2.045000e+002
     vertex -1.050658e+001 -3.233592e+001  2.045000e+002
   endloop
 endfacet
 facet normal  0.000000e+000  0.000000e+000  1.000000e+000
   outer loop
     vertex -8.733709e+000 -2.974428e+001  2.045000e+002
     vertex -1.050658e+001 -3.233592e+001  2.045000e+002
     vertex -9.045253e+000 -3.277474e+001  2.045000e+002
   endloop
 endfacet
 facet normal  0.000000e+000  0.000000e+000  1.000000e+000
   outer loop
     vertex  3.277474e+001  9.045253e+000  2.045000e+002
     vertex  2.974428e+001  8.733709e+000  2.045000e+002
     vertex  3.012616e+001  7.308527e+000  2.045000e+002
   endloop
 endfacet
 facet normal  0.000000e+000  0.000000e+000  1.000000e+000
   outer loop
     vertex  9.045253e+000  3.277474e+001  2.045000e+002
     vertex  7.565712e+000  3.314755e+001  2.045000e+002
     vertex  7.308527e+000  3.012616e+001  2.045000e+002
   endloop
 endfacet
 facet normal  0.000000e+000  0.000000e+000  1.000000e+000
   outer loop
     vertex  9.045253e+000  3.277474e+001  2.045000e+002
     vertex  7.308527e+000  3.012616e+001  2.045000e+002
     vertex  8.733709e+000  2.974428e+001  2.045000e+002
   endloop
 endfacet
 facet normal -0.000000e+000  0.000000e+000  1.000000e+000
   outer loop
     vertex -3.012616e+001 -7.308527e+000  2.045000e+002
     vertex -3.277474e+001 -9.045253e+000  2.045000e+002
     vertex -2.974428e+001 -8.733709e+000  2.045000e+002
   endloop
 endfacet
 facet normal  0.000000e+000  0.000000e+000  1.000000e+000
   outer loop
     vertex -3.012616e+001 -7.308527e+000  2.045000e+002
     vertex -3.314755e+001 -7.565712e+000  2.045000e+002
     vertex -3.277474e+001 -9.045253e+000  2.045000e+002
   endloop
 endfacet
 facet normal  0.000000e+000  0.000000e+000  1.000000e+000
   outer loop
     vertex -7.308527e+000 -3.012616e+001  2.045000e+002
     vertex -8.733709e+000 -2.974428e+001  2.045000e+002
     vertex -9.045253e+000 -3.277474e+001  2.045000e+002
   endloop
 endfacet
 facet normal  0.000000e+000  0.000000e+000  1.000000e+000
   outer loop
     vertex -7.308527e+000 -3.012616e+001  2.045000e+002
     vertex -9.045253e+000 -3.277474e+001  2.045000e+002
     vertex -7.565712e+000 -3.314755e+001  2.045000e+002
   endloop
 endfacet
 facet normal -0.000000e+000  0.000000e+000  1.000000e+000
   outer loop
     vertex  3.233592e+001  1.050658e+001  2.045000e+002
     vertex  2.974428e+001  8.733709e+000  2.045000e+002
     vertex  3.277474e+001  9.045253e+000  2.045000e+002
   endloop
 endfacet
 facet normal  0.000000e+000  0.000000e+000  1.000000e+000
   outer loop
     vertex  3.233592e+001  1.050658e+001  2.045000e+002
     vertex  2.929503e+001  1.013911e+001  2.045000e+002
     vertex  2.974428e+001  8.733709e+000  2.045000e+002
   endloop
 endfacet
 facet normal  0.000000e+000  0.000000e+000  1.000000e+000
   outer loop
     vertex -3.043979e+001 -5.866789e+000  2.045000e+002
     vertex -3.345361e+001 -6.070934e+000  2.045000e+002
     vertex -3.314755e+001 -7.565712e+000  2.045000e+002
   endloop
 endfacet
 facet normal -0.000000e+000  0.000000e+000  1.000000e+000
   outer loop
     vertex -3.043979e+001 -5.866789e+000  2.045000e+002
     vertex -3.314755e+001 -7.565712e+000  2.045000e+002
     vertex -3.012616e+001 -7.308527e+000  2.045000e+002
   endloop
 endfacet
 facet normal  0.000000e+000  0.000000e+000  1.000000e+000
   outer loop
     vertex  1.050658e+001  3.233592e+001  2.045000e+002
     vertex  9.045253e+000  3.277474e+001  2.045000e+002
     vertex  8.733709e+000  2.974428e+001  2.045000e+002
   endloop
 endfacet
 facet normal  0.000000e+000  0.000000e+000  1.000000e+000
   outer loop
     vertex -5.866789e+000 -3.043979e+001  2.045000e+002
     vertex -7.565712e+000 -3.314755e+001  2.045000e+002
     vertex -6.070934e+000 -3.345361e+001  2.045000e+002
   endloop
 endfacet
 facet normal  0.000000e+000  0.000000e+000  1.000000e+000
   outer loop
     vertex -5.866789e+000 -3.043979e+001  2.045000e+002
     vertex -7.308527e+000 -3.012616e+001  2.045000e+002
     vertex -7.565712e+000 -3.314755e+001  2.045000e+002
   endloop
 endfacet
 facet normal  0.000000e+000  0.000000e+000  1.000000e+000
   outer loop
     vertex  1.050658e+001  3.233592e+001  2.045000e+002
     vertex  8.733709e+000  2.974428e+001  2.045000e+002
     vertex  1.013911e+001  2.929503e+001  2.045000e+002
   endloop
 endfacet
 facet normal  0.000000e+000  0.000000e+000  1.000000e+000
   outer loop
     vertex -3.068446e+001 -4.411760e+000  2.045000e+002
     vertex -3.369229e+001 -4.563931e+000  2.045000e+002
     vertex -3.345361e+001 -6.070934e+000  2.045000e+002
   endloop
 endfacet
 facet normal -0.000000e+000  0.000000e+000  1.000000e+000
   outer loop
     vertex -3.068446e+001 -4.411760e+000  2.045000e+002
     vertex -3.345361e+001 -6.070934e+000  2.045000e+002
     vertex -3.043979e+001 -5.866789e+000  2.045000e+002
   endloop
 endfacet
 facet normal  0.000000e+000  0.000000e+000  1.000000e+000
   outer loop
     vertex -4.411760e+000 -3.068446e+001  2.045000e+002
     vertex -6.070934e+000 -3.345361e+001  2.045000e+002
     vertex -4.563931e+000 -3.369229e+001  2.045000e+002
   endloop
 endfacet
 facet normal  0.000000e+000  0.000000e+000  1.000000e+000
   outer loop
     vertex -4.411760e+000 -3.068446e+001  2.045000e+002
     vertex -5.866789e+000 -3.043979e+001  2.045000e+002
     vertex -6.070934e+000 -3.345361e+001  2.045000e+002
   endloop
 endfacet
 facet normal -0.000000e+000  0.000000e+000  1.000000e+000
   outer loop
     vertex  3.183199e+001  1.194674e+001  2.045000e+002
     vertex  2.929503e+001  1.013911e+001  2.045000e+002
     vertex  3.233592e+001  1.050658e+001  2.045000e+002
   endloop
 endfacet
 facet normal  0.000000e+000  0.000000e+000  1.000000e+000
   outer loop
     vertex  3.183199e+001  1.194674e+001  2.045000e+002
     vertex  2.877941e+001  1.152154e+001  2.045000e+002
     vertex  2.929503e+001  1.013911e+001  2.045000e+002
   endloop
 endfacet
 facet normal -0.000000e+000  0.000000e+000  1.000000e+000
   outer loop
     vertex -3.085963e+001 -2.946737e+000  2.045000e+002
     vertex -3.369229e+001 -4.563931e+000  2.045000e+002
     vertex -3.068446e+001 -4.411760e+000  2.045000e+002
   endloop
 endfacet
 facet normal  0.000000e+000  0.000000e+000  1.000000e+000
   outer loop
     vertex -3.085963e+001 -2.946737e+000  2.045000e+002
     vertex -3.386313e+001 -3.047737e+000  2.045000e+002
     vertex -3.369229e+001 -4.563931e+000  2.045000e+002
   endloop
 endfacet
 facet normal  0.000000e+000  0.000000e+000  1.000000e+000
   outer loop
     vertex -2.946737e+000 -3.085963e+001  2.045000e+002
     vertex -4.563931e+000 -3.369229e+001  2.045000e+002
     vertex -3.047737e+000 -3.386313e+001  2.045000e+002
   endloop
 endfacet
 facet normal  0.000000e+000  0.000000e+000  1.000000e+000
   outer loop
     vertex  1.194674e+001  3.183199e+001  2.045000e+002
     vertex  1.050658e+001  3.233592e+001  2.045000e+002
     vertex  1.013911e+001  2.929503e+001  2.045000e+002
   endloop
 endfacet
 facet normal  0.000000e+000  0.000000e+000  1.000000e+000
   outer loop
     vertex -2.946737e+000 -3.085963e+001  2.045000e+002
     vertex -4.411760e+000 -3.068446e+001  2.045000e+002
     vertex -4.563931e+000 -3.369229e+001  2.045000e+002
   endloop
 endfacet
 facet normal  0.000000e+000  0.000000e+000  1.000000e+000
   outer loop
     vertex  1.194674e+001  3.183199e+001  2.045000e+002
     vertex  1.013911e+001  2.929503e+001  2.045000e+002
     vertex  1.152154e+001  2.877941e+001  2.045000e+002
   endloop
 endfacet
 facet normal -0.000000e+000  0.000000e+000  1.000000e+000
   outer loop
     vertex -3.096489e+001 -1.475039e+000  2.045000e+002
     vertex -3.386313e+001 -3.047737e+000  2.045000e+002
     vertex -3.085963e+001 -2.946737e+000  2.045000e+002
   endloop
 endfacet
 facet normal  0.000000e+000  0.000000e+000  1.000000e+000
   outer loop
     vertex -3.096489e+001 -1.475039e+000  2.045000e+002
     vertex -3.396576e+001 -1.525404e+000  2.045000e+002
     vertex -3.386313e+001 -3.047737e+000  2.045000e+002
   endloop
 endfacet
 facet normal  0.000000e+000  0.000000e+000  1.000000e+000
   outer loop
     vertex -1.475039e+000 -3.096489e+001  2.045000e+002
     vertex -2.946737e+000 -3.085963e+001  2.045000e+002
     vertex -3.047737e+000 -3.386313e+001  2.045000e+002
   endloop
 endfacet
 facet normal  0.000000e+000  0.000000e+000  1.000000e+000
   outer loop
     vertex  3.126394e+001  1.336285e+001  2.045000e+002
     vertex  2.819859e+001  1.287787e+001  2.045000e+002
     vertex  2.877941e+001  1.152154e+001  2.045000e+002
   endloop
 endfacet
 facet normal  0.000000e+000  0.000000e+000  1.000000e+000
   outer loop
     vertex -1.475039e+000 -3.096489e+001  2.045000e+002
     vertex -3.047737e+000 -3.386313e+001  2.045000e+002
     vertex -1.525404e+000 -3.396576e+001  2.045000e+002
   endloop
 endfacet
 facet normal -0.000000e+000  0.000000e+000  1.000000e+000
   outer loop
     vertex  3.126394e+001  1.336285e+001  2.045000e+002
     vertex  2.877941e+001  1.152154e+001  2.045000e+002
     vertex  3.183199e+001  1.194674e+001  2.045000e+002
   endloop
 endfacet
 facet normal -0.000000e+000  0.000000e+000  1.000000e+000
   outer loop
     vertex -3.100000e+001 -5.127066e-014  2.045000e+002
     vertex -3.396576e+001 -1.525404e+000  2.045000e+002
     vertex -3.096489e+001 -1.475039e+000  2.045000e+002
   endloop
 endfacet
 facet normal  0.000000e+000  0.000000e+000  1.000000e+000
   outer loop
     vertex -3.100000e+001 -5.127066e-014  2.045000e+002
     vertex -3.396576e+001  1.525404e+000  2.045000e+002
     vertex -3.400000e+001  4.163799e-015  2.045000e+002
   endloop
 endfacet
 facet normal  0.000000e+000  0.000000e+000  1.000000e+000
   outer loop
     vertex -3.100000e+001 -5.127066e-014  2.045000e+002
     vertex -3.400000e+001  4.163799e-015  2.045000e+002
     vertex -3.396576e+001 -1.525404e+000  2.045000e+002
   endloop
 endfacet
 facet normal  0.000000e+000  0.000000e+000  1.000000e+000
   outer loop
     vertex -5.694608e-015 -3.100000e+001  2.045000e+002
     vertex -1.525404e+000 -3.396576e+001  2.045000e+002
     vertex -6.245699e-015 -3.400000e+001  2.045000e+002
   endloop
 endfacet
 facet normal -0.000000e+000  0.000000e+000  1.000000e+000
   outer loop
     vertex -5.694608e-015 -3.100000e+001  2.045000e+002
     vertex -6.245699e-015 -3.400000e+001  2.045000e+002
     vertex  1.525404e+000 -3.396576e+001  2.045000e+002
   endloop
 endfacet
 facet normal  0.000000e+000  0.000000e+000  1.000000e+000
   outer loop
     vertex -5.694608e-015 -3.100000e+001  2.045000e+002
     vertex -1.475039e+000 -3.096489e+001  2.045000e+002
     vertex -1.525404e+000 -3.396576e+001  2.045000e+002
   endloop
 endfacet
 facet normal  0.000000e+000  0.000000e+000  1.000000e+000
   outer loop
     vertex  1.336285e+001  3.126394e+001  2.045000e+002
     vertex  1.152154e+001  2.877941e+001  2.045000e+002
     vertex  1.287787e+001  2.819859e+001  2.045000e+002
   endloop
 endfacet
 facet normal  0.000000e+000  0.000000e+000  1.000000e+000
   outer loop
     vertex  1.336285e+001  3.126394e+001  2.045000e+002
     vertex  1.194674e+001  3.183199e+001  2.045000e+002
     vertex  1.152154e+001  2.877941e+001  2.045000e+002
   endloop
 endfacet
 facet normal  0.000000e+000  0.000000e+000  1.000000e+000
   outer loop
     vertex  3.063294e+001  1.475205e+001  2.045000e+002
     vertex  2.755390e+001  1.420502e+001  2.045000e+002
     vertex  2.819859e+001  1.287787e+001  2.045000e+002
   endloop
 endfacet
 facet normal  0.000000e+000  0.000000e+000  1.000000e+000
   outer loop
     vertex -3.096489e+001  1.475039e+000  2.045000e+002
     vertex -3.396576e+001  1.525404e+000  2.045000e+002
     vertex -3.100000e+001 -5.127066e-014  2.045000e+002
   endloop
 endfacet
 facet normal -0.000000e+000  0.000000e+000  1.000000e+000
   outer loop
     vertex  3.063294e+001  1.475205e+001  2.045000e+002
     vertex  2.819859e+001  1.287787e+001  2.045000e+002
     vertex  3.126394e+001  1.336285e+001  2.045000e+002
   endloop
 endfacet
 facet normal  0.000000e+000  0.000000e+000  1.000000e+000
   outer loop
     vertex -3.096489e+001  1.475039e+000  2.045000e+002
     vertex -3.386313e+001  3.047737e+000  2.045000e+002
     vertex -3.396576e+001  1.525404e+000  2.045000e+002
   endloop
 endfacet
 facet normal -0.000000e+000  0.000000e+000  1.000000e+000
   outer loop
     vertex  1.475039e+000 -3.096489e+001  2.045000e+002
     vertex  1.525404e+000 -3.396576e+001  2.045000e+002
     vertex  3.047737e+000 -3.386313e+001  2.045000e+002
